84   
2.3669000e+00  -6.6490000e-01
   2.4166000e+00  -6.5895000e-01
   2.4663000e+00  -6.5300000e-01
   2.5166000e+00  -6.5300000e-01
   2.5669000e+00  -6.5300000e-01
   2.6186500e+00  -6.5300000e-01
   2.6704000e+00  -6.5300000e-01
   2.7212000e+00  -6.5300000e-01
   2.7720000e+00  -6.5300000e-01
   2.8176000e+00  -6.1030000e-01
   2.8632000e+00  -5.6760000e-01
   2.9022000e+00  -5.3110000e-01
   2.9412000e+00  -4.9460000e-01
   2.9770000e+00  -4.4730000e-01
   3.0128000e+00  -4.0000000e-01
   3.0372500e+00  -3.4985000e-01
   3.0617000e+00  -2.9970000e-01
   3.0789500e+00  -2.4660000e-01
   3.0962000e+00  -1.9350000e-01
   3.1059000e+00  -1.3855000e-01
   3.1156000e+00  -8.3600000e-02
   3.1175500e+00  -2.7850000e-02
   3.1195000e+00   2.7900000e-02
   3.1136500e+00   8.3400000e-02
   3.1078000e+00   1.3890000e-01
   3.0943000e+00   1.9305000e-01
   3.0808000e+00   2.4720000e-01
   3.0599000e+00   2.9895000e-01
   3.0390000e+00   3.5070000e-01
   3.0327000e+00   4.1300000e-01
   3.0264000e+00   4.7530000e-01
   3.0264000e+00   5.4075000e-01
   3.0264000e+00   6.0620000e-01
   2.9807000e+00   6.6370000e-01
   2.9350000e+00   7.2120000e-01
   2.8768500e+00   7.3475000e-01
   2.8187000e+00   7.4830000e-01
   2.7601500e+00   7.5165000e-01
   2.7016000e+00   7.5500000e-01
   2.6353500e+00   7.5500000e-01
   2.5691000e+00   7.5500000e-01
   2.5184500e+00   7.5500000e-01
   2.4678000e+00   7.5500000e-01
   2.4137000e+00   7.6020000e-01
   2.3596000e+00   7.6540000e-01
   2.3016500e+00   7.4200000e-01
   2.2437000e+00   7.1860000e-01
   2.1956000e+00   6.9915000e-01
   2.1475000e+00   6.7970000e-01
   2.0970500e+00   6.5935000e-01
   2.0466000e+00   6.3900000e-01
   1.9962000e+00   6.1865000e-01
   1.9458000e+00   5.9830000e-01
   1.9009500e+00   5.6690000e-01
   1.8561000e+00   5.3550000e-01
   1.8336500e+00   4.8475000e-01
   1.8112000e+00   4.3400000e-01
   1.7935500e+00   3.8140000e-01
   1.7759000e+00   3.2880000e-01
   1.7632000e+00   2.7480000e-01
   1.7505000e+00   2.2080000e-01
   1.7428000e+00   1.6585000e-01
   1.7351000e+00   1.1090000e-01
   1.7325500e+00   5.5450000e-02
   1.7300000e+00   0.0000000e+00
   1.7325500e+00  -5.5450000e-02
   1.7351000e+00  -1.1090000e-01
   1.7428000e+00  -1.6585000e-01
   1.7505000e+00  -2.2080000e-01
   1.7632000e+00  -2.7480000e-01
   1.7759000e+00  -3.2880000e-01
   1.7935500e+00  -3.8140000e-01
   1.8112000e+00  -4.3400000e-01
   1.8336500e+00  -4.8475000e-01
   1.8561000e+00  -5.3550000e-01
   1.9088500e+00  -5.6365000e-01
   1.9616000e+00  -5.9180000e-01
   2.0266500e+00  -6.1805000e-01
   2.0917000e+00  -6.4430000e-01
   2.1423500e+00  -6.6480000e-01
   2.1930000e+00  -6.8530000e-01
   2.2509500e+00  -7.0870000e-01
   2.3089000e+00  -7.3210000e-01
   2.3379000e+00  -6.9850000e-01
